0.000000 0.000000 0.000000 0.000000 0.000000 0.000000 0.000000 0.000000 0.000000 0.000000 0.000000 0.000000 0.000000
0.050000 -0.000370 -0.000219 -0.004701 0.000058 -0.022392 0.045351 0.000001 0.000000 0.000196 0.000000 0.004210 0.020622
0.100000 -0.000548 -0.000316 -0.007236 0.000117 -0.030050 0.068840 0.000002 0.000000 0.000344 0.000000 0.005947 0.037037
0.150000 -0.000667 -0.000378 -0.009093 0.000186 -0.033168 0.083189 0.000002 0.000000 0.000489 0.000000 0.007027 0.048951
0.200000 -0.000755 -0.000423 -0.010624 0.000266 -0.034534 0.092551 0.000002 0.000000 0.000640 0.000001 0.007535 0.056254
0.250000 -0.000822 -0.000459 -0.011952 0.000360 -0.035102 0.098807 0.000002 0.000000 0.000793 0.000001 0.007657 0.059942
0.300000 -0.000874 -0.000488 -0.013137 0.000467 -0.035294 0.103037 0.000002 0.000000 0.000948 0.000002 0.007574 0.061347
0.350000 -0.000915 -0.000512 -0.014210 0.000587 -0.035312 0.105917 0.000001 0.000000 0.001102 0.000003 0.007407 0.061450
0.400000 -0.000947 -0.000532 -0.015195 0.000719 -0.035258 0.107882 0.000001 0.000000 0.001256 0.000004 0.007225 0.060869
0.450000 -0.000972 -0.000549 -0.016104 0.000863 -0.035184 0.109221 0.000001 0.000000 0.001409 0.000006 0.007059 0.059968
0.500000 -0.000992 -0.000565 -0.016948 0.001019 -0.035113 0.110125 0.000001 0.000000 0.001561 0.000008 0.006922 0.058950
0.550000 -0.001007 -0.000578 -0.017737 0.001186 -0.035055 0.110725 0.000001 0.000000 0.001712 0.000010 0.006814 0.057926
0.600000 -0.001019 -0.000589 -0.018475 0.001364 -0.035016 0.111110 0.000000 0.000000 0.001861 0.000013 0.006733 0.056954
0.650000 -0.001028 -0.000599 -0.019170 0.001551 -0.034993 0.111343 0.000000 0.000000 0.002009 0.000017 0.006674 0.056061
0.700000 -0.001035 -0.000608 -0.019826 0.001748 -0.034985 0.111467 0.000000 0.000000 0.002156 0.000021 0.006633 0.055256
0.750000 -0.001039 -0.000616 -0.020446 0.001955 -0.034991 0.111515 0.000000 0.000000 0.002301 0.000026 0.006607 0.054538
0.800000 -0.001043 -0.000623 -0.021035 0.002170 -0.035007 0.111508 0.000000 0.000000 0.002445 0.000032 0.006591 0.053905
0.850000 -0.001046 -0.000630 -0.021596 0.002394 -0.035031 0.111462 0.000000 0.000000 0.002588 0.000039 0.006583 0.053347
0.900000 -0.001048 -0.000636 -0.022132 0.002627 -0.035061 0.111390 0.000000 0.000000 0.002730 0.000046 0.006581 0.052859
0.950000 -0.001050 -0.000641 -0.022647 0.002868 -0.035097 0.111299 0.000000 0.000000 0.002871 0.000055 0.006583 0.052431
1.000000 -0.001051 -0.000647 -0.023143 0.003118 -0.035135 0.111197 0.000000 0.000000 0.003011 0.000065 0.006589 0.052058
1.050000 -0.001053 -0.000652 -0.023622 0.003376 -0.035176 0.111088 0.000000 0.000000 0.003151 0.000075 0.006598 0.051731
1.100000 -0.001054 -0.000657 -0.024088 0.003644 -0.035218 0.110974 0.000000 0.000000 0.003290 0.000087 0.006607 0.051445
1.150000 -0.001056 -0.000663 -0.024542 0.003921 -0.035261 0.110859 0.000000 0.000000 0.003430 0.000101 0.006618 0.051196
1.200000 -0.001059 -0.000668 -0.024986 0.004207 -0.035304 0.110745 0.000000 0.000000 0.003570 0.000116 0.006630 0.050977
1.250000 -0.001062 -0.000673 -0.025423 0.004503 -0.035346 0.110632 0.000000 0.000000 0.003710 0.000132 0.006641 0.050786
1.300000 -0.001065 -0.000679 -0.025855 0.004809 -0.035388 0.110522 0.000000 0.000000 0.003852 0.000150 0.006653 0.050618
1.350000 -0.001069 -0.000685 -0.026283 0.005126 -0.035428 0.110415 0.000000 0.000000 0.003995 0.000170 0.006665 0.050470
1.400000 -0.001074 -0.000691 -0.026708 0.005453 -0.035467 0.110312 0.000000 0.000000 0.004140 0.000192 0.006676 0.050340
1.450000 -0.001080 -0.000698 -0.027133 0.005791 -0.035505 0.110212 0.000000 0.000000 0.004287 0.000216 0.006688 0.050226
1.500000 -0.001086 -0.000705 -0.027558 0.006141 -0.035541 0.110117 0.000000 0.000000 0.004438 0.000242 0.006699 0.050125
1.550000 -0.001094 -0.000712 -0.027986 0.006503 -0.035576 0.110025 0.000000 0.000000 0.004591 0.000270 0.006709 0.050036
1.600000 -0.001102 -0.000720 -0.028416 0.006876 -0.035609 0.109938 0.000000 0.000000 0.004748 0.000301 0.006719 0.049956
1.650000 -0.001110 -0.000728 -0.028851 0.007262 -0.035641 0.109854 0.000000 0.000000 0.004909 0.000335 0.006730 0.049885
1.700000 -0.001120 -0.000736 -0.029291 0.007661 -0.035671 0.109775 0.000000 0.000000 0.005075 0.000371 0.006739 0.049822
1.750000 -0.001130 -0.000745 -0.029737 0.008072 -0.035699 0.109699 0.000000 0.000000 0.005246 0.000410 0.006748 0.049765
1.800000 -0.001141 -0.000754 -0.030189 0.008497 -0.035726 0.109627 0.000000 0.000000 0.005423 0.000453 0.006757 0.049714
1.850000 -0.001152 -0.000763 -0.030649 0.008934 -0.035751 0.109558 0.000000 0.000000 0.005606 0.000499 0.006766 0.049668
1.900000 -0.001164 -0.000773 -0.031117 0.009385 -0.035775 0.109492 0.000000 0.000000 0.005796 0.000548 0.006774 0.049626
1.950000 -0.001176 -0.000783 -0.031593 0.009849 -0.035797 0.109430 0.000001 0.000000 0.005993 0.000601 0.006783 0.049586
2.000000 -0.001189 -0.000793 -0.032079 0.010327 -0.035818 0.109370 0.000001 0.000000 0.006199 0.000658 0.006791 0.049550
2.050000 -0.001202 -0.000803 -0.032574 0.010818 -0.035838 0.109313 0.000001 0.000000 0.006412 0.000720 0.006798 0.049517
2.100000 -0.001216 -0.000814 -0.033080 0.011323 -0.035857 0.109259 0.000001 0.000000 0.006635 0.000786 0.006806 0.049486
2.150000 -0.001230 -0.000824 -0.033595 0.011842 -0.035874 0.109207 0.000001 0.000000 0.006867 0.000856 0.006814 0.049455
2.200000 -0.001243 -0.000835 -0.034122 0.012375 -0.035890 0.109158 0.000001 0.000000 0.007110 0.000931 0.006821 0.049427
2.250000 -0.001257 -0.000846 -0.034660 0.012922 -0.035906 0.109111 0.000001 0.000000 0.007363 0.001012 0.006828 0.049400
2.300000 -0.001271 -0.000857 -0.035209 0.013484 -0.035920 0.109065 0.000001 0.000000 0.007628 0.001098 0.006835 0.049373
2.350000 -0.001285 -0.000868 -0.035769 0.014059 -0.035933 0.109022 0.000001 0.000000 0.007905 0.001189 0.006842 0.049348
2.400000 -0.001299 -0.000879 -0.036342 0.014648 -0.035945 0.108981 0.000001 0.000000 0.008194 0.001287 0.006849 0.049322
2.450000 -0.001313 -0.000890 -0.036927 0.015252 -0.035957 0.108941 0.000002 0.000000 0.008497 0.001391 0.006856 0.049297
2.500000 -0.001327 -0.000901 -0.037524 0.015871 -0.035967 0.108903 0.000002 0.000000 0.008813 0.001501 0.006863 0.049272
2.550000 -0.001340 -0.000912 -0.038134 0.016503 -0.035977 0.108866 0.000002 0.000000 0.009145 0.001618 0.006870 0.049247
2.600000 -0.001353 -0.000923 -0.038757 0.017151 -0.035986 0.108831 0.000002 0.000000 0.009492 0.001743 0.006877 0.049222
2.650000 -0.001365 -0.000933 -0.039392 0.017813 -0.035995 0.108797 0.000002 0.000000 0.009855 0.001874 0.006884 0.049197
2.700000 -0.001377 -0.000944 -0.040041 0.018490 -0.036002 0.108764 0.000003 0.000000 0.010235 0.002014 0.006891 0.049171
2.750000 -0.001389 -0.000954 -0.040704 0.019182 -0.036009 0.108732 0.000003 0.000000 0.010632 0.002162 0.006899 0.049145
2.800000 -0.001400 -0.000963 -0.041379 0.019889 -0.036016 0.108701 0.000003 0.000000 0.011048 0.002318 0.006906 0.049119
2.850000 -0.001410 -0.000973 -0.042069 0.020611 -0.036022 0.108672 0.000004 0.000000 0.011484 0.002484 0.006913 0.049092
2.900000 -0.001420 -0.000982 -0.042772 0.021349 -0.036027 0.108643 0.000004 0.000001 0.011939 0.002658 0.006920 0.049065
2.950000 -0.001429 -0.000991 -0.043489 0.022102 -0.036032 0.108615 0.000004 0.000001 0.012416 0.002843 0.006927 0.049037
3.000000 -0.001437 -0.001000 -0.044220 0.022871 -0.036037 0.108588 0.000005 0.000001 0.012915 0.003037 0.006935 0.049009
3.050000 -0.001445 -0.001008 -0.044965 0.023656 -0.036041 0.108561 0.000005 0.000001 0.013437 0.003242 0.006942 0.048980
3.100000 -0.001452 -0.001015 -0.045725 0.024456 -0.036044 0.108536 0.000005 0.000001 0.013983 0.003458 0.006950 0.048951
3.150000 -0.001458 -0.001023 -0.046498 0.025273 -0.036047 0.108510 0.000006 0.000001 0.014553 0.003686 0.006957 0.048921
3.200000 -0.001463 -0.001030 -0.047287 0.026106 -0.036050 0.108486 0.000006 0.000001 0.015151 0.003925 0.006965 0.048890
3.250000 -0.001467 -0.001036 -0.048090 0.026956 -0.036053 0.108462 0.000007 0.000001 0.015775 0.004178 0.006973 0.048859
3.300000 -0.001470 -0.001042 -0.048908 0.027822 -0.036055 0.108438 0.000007 0.000001 0.016428 0.004443 0.006980 0.048827
3.350000 -0.001472 -0.001047 -0.049740 0.028706 -0.036057 0.108415 0.000008 0.000002 0.017110 0.004721 0.006988 0.048794
3.400000 -0.001474 -0.001052 -0.050588 0.029607 -0.036059 0.108392 0.000009 0.000002 0.017824 0.005014 0.006996 0.048760
3.450000 -0.001474 -0.001056 -0.051450 0.030525 -0.036060 0.108370 0.000009 0.000002 0.018570 0.005322 0.007005 0.048726
3.500000 -0.001473 -0.001059 -0.052328 0.031461 -0.036061 0.108348 0.000010 0.000002 0.019350 0.005645 0.007013 0.048691
3.550000 -0.001471 -0.001062 -0.053220 0.032415 -0.036062 0.108326 0.000011 0.000002 0.020165 0.005984 0.007021 0.048656
3.600000 -0.001468 -0.001065 -0.054128 0.033387 -0.036063 0.108305 0.000011 0.000003 0.021018 0.006340 0.007030 0.048619
3.650000 -0.001464 -0.001066 -0.055052 0.034377 -0.036064 0.108284 0.000012 0.000003 0.021909 0.006714 0.007038 0.048582
3.700000 -0.001459 -0.001067 -0.055990 0.035387 -0.036064 0.108263 0.000013 0.000003 0.022842 0.007106 0.007047 0.048545
3.750000 -0.001453 -0.001068 -0.056945 0.036415 -0.036064 0.108242 0.000014 0.000003 0.023818 0.007519 0.007056 0.048507
3.800000 -0.001446 -0.001068 -0.057915 0.037463 -0.036064 0.108221 0.000015 0.000004 0.024839 0.007952 0.007064 0.048467
3.850000 -0.001438 -0.001067 -0.058901 0.038530 -0.036064 0.108201 0.000015 0.000004 0.025908 0.008409 0.007073 0.048428
3.900000 -0.001429 -0.001065 -0.059902 0.039618 -0.036064 0.108180 0.000016 0.000004 0.027030 0.008890 0.007082 0.048387
3.950000 -0.001418 -0.001063 -0.060920 0.040726 -0.036064 0.108160 0.000017 0.000005 0.028207 0.009399 0.007092 0.048346
4.000000 -0.001407 -0.001060 -0.061955 0.041855 -0.036064 0.108140 0.000018 0.000005 0.029443 0.009937 0.007101 0.048305
4.050000 -0.001394 -0.001056 -0.063006 0.043005 -0.036063 0.108119 0.000019 0.000005 0.030743 0.010510 0.007110 0.048263
4.100000 -0.001381 -0.001052 -0.064073 0.044178 -0.036063 0.108099 0.000020 0.000006 0.032114 0.011122 0.007120 0.048219
4.150000 -0.001366 -0.001047 -0.065158 0.045374 -0.036063 0.108079 0.000021 0.000006 0.033561 0.011778 0.007129 0.048176
4.200000 -0.001350 -0.001042 -0.066261 0.046594 -0.036062 0.108059 0.000022 0.000007 0.035093 0.012487 0.007139 0.048132
4.250000 -0.001333 -0.001035 -0.067382 0.047838 -0.036062 0.108038 0.000023 0.000007 0.036717 0.013256 0.007149 0.048087
4.300000 -0.001316 -0.001028 -0.068521 0.049110 -0.036061 0.108018 0.000024 0.000007 0.038444 0.014097 0.007159 0.048042
4.350000 -0.001297 -0.001021 -0.069680 0.050409 -0.036060 0.107998 0.000025 0.000008 0.040283 0.015023 0.007169 0.047996
4.400000 -0.001277 -0.001012 -0.070860 0.051738 -0.036060 0.107977 0.000026 0.000008 0.042248 0.016049 0.007179 0.047950
4.450000 -0.001257 -0.001003 -0.072061 0.053099 -0.036059 0.107957 0.000027 0.000009 0.044348 0.017194 0.007189 0.047903
4.500000 -0.001235 -0.000994 -0.073284 0.054495 -0.036059 0.107936 0.000028 0.000009 0.046598 0.018478 0.007199 0.047855
4.550000 -0.001213 -0.000983 -0.074531 0.055928 -0.036058 0.107915 0.000028 0.000010 0.049009 0.019925 0.007209 0.047807
4.600000 -0.001190 -0.000973 -0.075803 0.057403 -0.036058 0.107894 0.000029 0.000010 0.051594 0.021562 0.007220 0.047758
4.650000 -0.001166 -0.000961 -0.077102 0.058924 -0.036057 0.107873 0.000030 0.000011 0.054362 0.023417 0.007230 0.047709
4.700000 -0.001141 -0.000949 -0.078428 0.060493 -0.036057 0.107852 0.000031 0.000011 0.057321 0.025523 0.007241 0.047660
4.750000 -0.001115 -0.000936 -0.079784 0.062117 -0.036057 0.107831 0.000032 0.000012 0.060476 0.027909 0.007252 0.047610
4.800000 -0.001089 -0.000923 -0.081170 0.063800 -0.036057 0.107809 0.000033 0.000012 0.063826 0.030609 0.007263 0.047559
4.850000 -0.001062 -0.000909 -0.082588 0.065549 -0.036056 0.107787 0.000034 0.000013 0.067366 0.033652 0.007274 0.047508
4.900000 -0.001034 -0.000895 -0.084038 0.067367 -0.036056 0.107765 0.000035 0.000013 0.071084 0.037063 0.007285 0.047456
4.950000 -0.001006 -0.000880 -0.085523 0.069261 -0.036056 0.107743 0.000035 0.000013 0.074959 0.040864 0.007296 0.047404
5.000000 -0.000977 -0.000865 -0.087040 0.071236 -0.036057 0.107721 0.000036 0.000014 0.078965 0.045065 0.007307 0.047352
5.050000 -0.000947 -0.000849 -0.088591 0.073298 -0.036057 0.107698 0.000037 0.000014 0.083063 0.049666 0.007319 0.047299
5.100000 -0.000917 -0.000833 -0.090175 0.075450 -0.036057 0.107675 0.000037 0.000015 0.087211 0.054652 0.007330 0.047246
5.150000 -0.000887 -0.000816 -0.091789 0.077697 -0.036058 0.107652 0.000038 0.000015 0.091355 0.059992 0.007341 0.047192
5.200000 -0.000856 -0.000799 -0.093433 0.080042 -0.036058 0.107629 0.000039 0.000016 0.095438 0.065637 0.007353 0.047139
5.250000 -0.000825 -0.000781 -0.095101 0.082486 -0.036059 0.107605 0.000039 0.000016 0.099394 0.071517 0.007365 0.047084
5.300000 -0.000793 -0.000763 -0.096792 0.085030 -0.036060 0.107582 0.000040 0.000017 0.103159 0.077544 0.007377 0.047029
5.350000 -0.000761 -0.000745 -0.098500 0.087674 -0.036061 0.107557 0.000040 0.000017 0.106666 0.083612 0.007388 0.046974
5.400000 -0.000728 -0.000726 -0.100221 0.090414 -0.036062 0.107533 0.000040 0.000017 0.109849 0.089597 0.007400 0.046919
5.450000 -0.000696 -0.000707 -0.101948 0.093248 -0.036063 0.107508 0.000041 0.000018 0.112650 0.095367 0.007412 0.046863
5.500000 -0.000663 -0.000688 -0.103675 0.096170 -0.036065 0.107483 0.000041 0.000018 0.115016 0.100780 0.007425 0.046807
5.550000 -0.000630 -0.000669 -0.105396 0.099173 -0.036066 0.107458 0.000041 0.000019 0.116906 0.105696 0.007437 0.046751
5.600000 -0.000597 -0.000649 -0.107102 0.102249 -0.036068 0.107432 0.000042 0.000019 0.118287 0.109980 0.007449 0.046694
5.650000 -0.000564 -0.000629 -0.108788 0.105388 -0.036070 0.107406 0.000042 0.000019 0.119139 0.113508 0.007461 0.046637
5.700000 -0.000530 -0.000609 -0.110444 0.108580 -0.036072 0.107380 0.000042 0.000020 0.119457 0.116174 0.007474 0.046580
5.750000 -0.000497 -0.000588 -0.112065 0.111813 -0.036074 0.107353 0.000042 0.000020 0.119245 0.117891 0.007487 0.046523
5.800000 -0.000464 -0.000568 -0.113643 0.115075 -0.036077 0.107326 0.000042 0.000020 0.118521 0.118605 0.007499 0.046465
5.850000 -0.000431 -0.000547 -0.115170 0.118353 -0.036080 0.107299 0.000042 0.000020 0.117312 0.118283 0.007512 0.046407
5.900000 -0.000397 -0.000526 -0.116641 0.121633 -0.036082 0.107272 0.000042 0.000021 0.115654 0.116927 0.007525 0.046349
5.950000 -0.000364 -0.000506 -0.118050 0.124902 -0.036086 0.107244 0.000042 0.000021 0.113589 0.114563 0.007538 0.046290
6.000000 -0.000331 -0.000485 -0.119390 0.128148 -0.036089 0.107215 0.000041 0.000021 0.111167 0.111245 0.007551 0.046232
6.050000 -0.000298 -0.000464 -0.120658 0.131356 -0.036092 0.107187 0.000041 0.000021 0.108438 0.107052 0.007564 0.046173
6.100000 -0.000265 -0.000443 -0.121849 0.134515 -0.036096 0.107158 0.000041 0.000021 0.105453 0.102081 0.007577 0.046114
6.150000 -0.000233 -0.000422 -0.122959 0.137612 -0.036100 0.107128 0.000041 0.000021 0.102267 0.096446 0.007590 0.046055
6.200000 -0.000200 -0.000401 -0.123985 0.140636 -0.036104 0.107098 0.000040 0.000021 0.098927 0.090270 0.007603 0.045996
6.250000 -0.000168 -0.000380 -0.124926 0.143576 -0.036109 0.107068 0.000040 0.000021 0.095483 0.083680 0.007617 0.045936
6.300000 -0.000136 -0.000359 -0.125780 0.146423 -0.036113 0.107038 0.000040 0.000022 0.091978 0.076809 0.007630 0.045876
6.350000 -0.000105 -0.000338 -0.126545 0.149168 -0.036118 0.107007 0.000039 0.000022 0.088452 0.069787 0.007644 0.045816
6.400000 -0.000073 -0.000317 -0.127222 0.151802 -0.036123 0.106975 0.000039 0.000022 0.084942 0.062734 0.007658 0.045757
6.450000 -0.000042 -0.000296 -0.127809 0.154320 -0.036129 0.106943 0.000038 0.000022 0.081477 0.055767 0.007671 0.045696
6.500000 -0.000011 -0.000275 -0.128309 0.156716 -0.036134 0.106911 0.000038 0.000022 0.078084 0.048988 0.007685 0.045636
6.550000 0.000020 -0.000255 -0.128721 0.158983 -0.036140 0.106879 0.000038 0.000022 0.074786 0.042490 0.007699 0.045576
6.600000 0.000050 -0.000234 -0.129048 0.161119 -0.036146 0.106846 0.000037 0.000021 0.071599 0.036349 0.007713 0.045516
6.650000 0.000080 -0.000214 -0.129291 0.163121 -0.036153 0.106812 0.000036 0.000021 0.068538 0.030632 0.007727 0.045455
6.700000 0.000109 -0.000193 -0.129452 0.164985 -0.036159 0.106779 0.000036 0.000021 0.065614 0.025388 0.007741 0.045395
6.750000 0.000139 -0.000173 -0.129534 0.166710 -0.036166 0.106744 0.000035 0.000021 0.062833 0.020656 0.007755 0.045334
6.800000 0.000168 -0.000153 -0.129539 0.168296 -0.036173 0.106710 0.000035 0.000021 0.060201 0.016462 0.007770 0.045274
6.850000 0.000197 -0.000133 -0.129470 0.169742 -0.036181 0.106675 0.000034 0.000021 0.057719 0.012818 0.007784 0.045213
6.900000 0.000225 -0.000113 -0.129330 0.171050 -0.036188 0.106639 0.000034 0.000021 0.055388 0.009729 0.007799 0.045152
6.950000 0.000253 -0.000093 -0.129123 0.172220 -0.036196 0.106603 0.000033 0.000021 0.053207 0.007189 0.007813 0.045091
7.000000 0.000281 -0.000074 -0.128851 0.173253 -0.036204 0.106567 0.000033 0.000021 0.051173 0.005183 0.007828 0.045030
7.050000 0.000309 -0.000054 -0.128518 0.174153 -0.036213 0.106530 0.000032 0.000020 0.049283 0.003692 0.007843 0.044970
7.100000 0.000336 -0.000035 -0.128126 0.174921 -0.036222 0.106493 0.000032 0.000020 0.047532 0.002688 0.007857 0.044909
7.150000 0.000363 -0.000016 -0.127681 0.175561 -0.036231 0.106455 0.000031 0.000020 0.045915 0.002141 0.007872 0.044848
7.200000 0.000390 0.000004 -0.127184 0.176076 -0.036240 0.106417 0.000031 0.000020 0.044427 0.002017 0.007887 0.044787
7.250000 0.000417 0.000023 -0.126639 0.176468 -0.036250 0.106379 0.000030 0.000020 0.043061 0.002280 0.007902 0.044726
7.300000 0.000443 0.000041 -0.126049 0.176743 -0.036260 0.106340 0.000030 0.000020 0.041811 0.002891 0.007917 0.044665
7.350000 0.000469 0.000060 -0.125418 0.176905 -0.036270 0.106300 0.000029 0.000020 0.040673 0.003812 0.007932 0.044605
7.400000 0.000495 0.000079 -0.124749 0.176956 -0.036281 0.106261 0.000029 0.000019 0.039639 0.005004 0.007948 0.044544
7.450000 0.000521 0.000097 -0.124045 0.176902 -0.036291 0.106220 0.000028 0.000019 0.038704 0.006430 0.007963 0.044484
7.500000 0.000547 0.000116 -0.123310 0.176748 -0.036303 0.106180 0.000028 0.000019 0.037861 0.008052 0.007978 0.044423
7.550000 0.000573 0.000134 -0.122545 0.176496 -0.036314 0.106138 0.000027 0.000019 0.037106 0.009834 0.007994 0.044363
7.600000 0.000598 0.000153 -0.121754 0.176153 -0.036326 0.106097 0.000027 0.000019 0.036432 0.011743 0.008009 0.044302
7.650000 0.000624 0.000171 -0.120940 0.175723 -0.036338 0.106054 0.000027 0.000019 0.035834 0.013747 0.008025 0.044242
7.700000 0.000649 0.000189 -0.120105 0.175209 -0.036350 0.106012 0.000026 0.000018 0.035307 0.015818 0.008041 0.044182
7.750000 0.000675 0.000208 -0.119252 0.174618 -0.036363 0.105969 0.000026 0.000018 0.034847 0.017927 0.008056 0.044122
7.800000 0.000700 0.000226 -0.118383 0.173952 -0.036376 0.105925 0.000025 0.000018 0.034448 0.020051 0.008072 0.044062
7.850000 0.000726 0.000244 -0.117501 0.173218 -0.036389 0.105881 0.000025 0.000018 0.034106 0.022168 0.008088 0.044002
7.900000 0.000751 0.000262 -0.116608 0.172419 -0.036403 0.105837 0.000025 0.000018 0.033818 0.024258 0.008104 0.043942
7.950000 0.000777 0.000281 -0.115706 0.171559 -0.036417 0.105792 0.000025 0.000018 0.033578 0.026304 0.008120 0.043883
8.000000 0.000803 0.000299 -0.114797 0.170643 -0.036431 0.105747 0.000024 0.000018 0.033383 0.028291 0.008136 0.043824
8.050000 0.000828 0.000317 -0.113883 0.169675 -0.036445 0.105701 0.000024 0.000018 0.033230 0.030207 0.008152 0.043764
8.100000 0.000854 0.000336 -0.112966 0.168659 -0.036460 0.105655 0.000024 0.000017 0.033114 0.032042 0.008169 0.043705
8.150000 0.000880 0.000354 -0.112047 0.167599 -0.036475 0.105608 0.000024 0.000017 0.033033 0.033786 0.008185 0.043646
8.200000 0.000907 0.000373 -0.111127 0.166498 -0.036491 0.105561 0.000023 0.000017 0.032983 0.035434 0.008201 0.043588
8.250000 0.000933 0.000391 -0.110209 0.165361 -0.036507 0.105513 0.000023 0.000017 0.032962 0.036982 0.008218 0.043529
8.300000 0.000960 0.000410 -0.109294 0.164190 -0.036523 0.105465 0.000023 0.000017 0.032967 0.038425 0.008234 0.043471
8.350000 0.000987 0.000429 -0.108382 0.162990 -0.036539 0.105416 0.000023 0.000017 0.032996 0.039762 0.008251 0.043413
8.400000 0.001014 0.000448 -0.107475 0.161763 -0.036556 0.105367 0.000023 0.000017 0.033045 0.040992 0.008268 0.043355
8.450000 0.001041 0.000467 -0.106575 0.160513 -0.036573 0.105318 0.000023 0.000017 0.033112 0.042115 0.008284 0.043297
8.500000 0.001069 0.000486 -0.105681 0.159242 -0.036590 0.105268 0.000023 0.000017 0.033196 0.043135 0.008301 0.043240
8.550000 0.001097 0.000506 -0.104795 0.157954 -0.036608 0.105218 0.000022 0.000017 0.033294 0.044051 0.008318 0.043183
8.600000 0.001125 0.000525 -0.103918 0.156650 -0.036626 0.105167 0.000022 0.000017 0.033404 0.044868 0.008335 0.043126
8.650000 0.001154 0.000545 -0.103050 0.155335 -0.036644 0.105115 0.000022 0.000017 0.033524 0.045589 0.008352 0.043070
8.700000 0.001183 0.000565 -0.102192 0.154009 -0.036663 0.105064 0.000022 0.000017 0.033653 0.046218 0.008369 0.043013
8.750000 0.001212 0.000585 -0.101344 0.152675 -0.036682 0.105011 0.000022 0.000017 0.033790 0.046758 0.008386 0.042957
8.800000 0.001242 0.000606 -0.100508 0.151336 -0.036701 0.104959 0.000022 0.000017 0.033932 0.047216 0.008403 0.042901
8.850000 0.001272 0.000626 -0.099683 0.149994 -0.036721 0.104905 0.000022 0.000017 0.034078 0.047595 0.008420 0.042846
8.900000 0.001303 0.000647 -0.098869 0.148649 -0.036741 0.104852 0.000022 0.000017 0.034227 0.047900 0.008437 0.042790
8.950000 0.001334 0.000668 -0.098068 0.147304 -0.036761 0.104798 0.000022 0.000016 0.034379 0.048136 0.008455 0.042735
9.000000 0.001365 0.000689 -0.097279 0.145961 -0.036782 0.104743 0.000022 0.000016 0.034532 0.048309 0.008472 0.042681
9.050000 0.001397 0.000711 -0.096503 0.144621 -0.036802 0.104688 0.000022 0.000016 0.034685 0.048421 0.008489 0.042627
9.100000 0.001429 0.000732 -0.095739 0.143286 -0.036824 0.104633 0.000022 0.000016 0.034836 0.048479 0.008507 0.042573
9.150000 0.001462 0.000754 -0.094988 0.141956 -0.036845 0.104577 0.000022 0.000016 0.034987 0.048486 0.008524 0.042519
9.200000 0.001495 0.000777 -0.094249 0.140633 -0.036867 0.104521 0.000022 0.000016 0.035135 0.048447 0.008542 0.042466
9.250000 0.001528 0.000799 -0.093524 0.139317 -0.036889 0.104464 0.000022 0.000016 0.035281 0.048366 0.008559 0.042413
9.300000 0.001562 0.000822 -0.092812 0.138011 -0.036911 0.104407 0.000022 0.000016 0.035423 0.048246 0.008577 0.042360
9.350000 0.001597 0.000845 -0.092112 0.136714 -0.036934 0.104349 0.000022 0.000016 0.035562 0.048092 0.008595 0.042308
9.400000 0.001631 0.000868 -0.091425 0.135428 -0.036957 0.104291 0.000022 0.000016 0.035696 0.047907 0.008612 0.042257
9.450000 0.001667 0.000892 -0.090751 0.134153 -0.036981 0.104233 0.000022 0.000016 0.035826 0.047693 0.008630 0.042205
9.500000 0.001702 0.000916 -0.090090 0.132889 -0.037004 0.104174 0.000021 0.000016 0.035951 0.047454 0.008648 0.042155
9.550000 0.001739 0.000940 -0.089441 0.131638 -0.037028 0.104115 0.000021 0.000016 0.036071 0.047193 0.008665 0.042104
9.600000 0.001775 0.000965 -0.088804 0.130400 -0.037052 0.104055 0.000021 0.000016 0.036187 0.046911 0.008683 0.042055
9.650000 0.001812 0.000989 -0.088179 0.129175 -0.037077 0.103995 0.000021 0.000016 0.036297 0.046612 0.008701 0.042005
9.700000 0.001850 0.001014 -0.087567 0.127963 -0.037102 0.103934 0.000021 0.000016 0.036401 0.046296 0.008719 0.041956
9.750000 0.001888 0.001039 -0.086967 0.126765 -0.037127 0.103873 0.000021 0.000016 0.036500 0.045966 0.008737 0.041908
9.800000 0.001927 0.001065 -0.086378 0.125581 -0.037152 0.103812 0.000021 0.000016 0.036594 0.045623 0.008755 0.041860
9.850000 0.001965 0.001091 -0.085800 0.124412 -0.037178 0.103750 0.000021 0.000016 0.036682 0.045269 0.008773 0.041812
9.900000 0.002005 0.001117 -0.085234 0.123257 -0.037204 0.103688 0.000021 0.000016 0.036764 0.044905 0.008791 0.041765
9.950000 0.002045 0.001143 -0.084679 0.122116 -0.037230 0.103626 0.000021 0.000015 0.036841 0.044533 0.008809 0.041718
10.000000 0.002085 0.001170 -0.084135 0.120990 -0.037257 0.103563 0.000020 0.000015 0.036913 0.044152 0.008827 0.041672
10.050000 0.002126 0.001197 -0.083601 0.119879 -0.037284 0.103500 0.000020 0.000015 0.036979 0.043764 0.008846 0.041626
10.100000 0.002167 0.001224 -0.083078 0.118782 -0.037311 0.103436 0.000020 0.000015 0.037040 0.043370 0.008864 0.041581
10.150000 0.002208 0.001251 -0.082565 0.117699 -0.037338 0.103372 0.000020 0.000015 0.037095 0.042970 0.008883 0.041536
10.200000 0.002250 0.001279 -0.082062 0.116631 -0.037366 0.103308 0.000020 0.000015 0.037145 0.042565 0.008901 0.041491
10.250000 0.002292 0.001307 -0.081568 0.115578 -0.037394 0.103243 0.000019 0.000015 0.037189 0.042154 0.008920 0.041447
10.300000 0.002335 0.001335 -0.081085 0.114539 -0.037422 0.103178 0.000019 0.000015 0.037228 0.041739 0.008938 0.041403
10.350000 0.002378 0.001364 -0.080610 0.113514 -0.037451 0.103112 0.000019 0.000014 0.037262 0.041320 0.008957 0.041360
10.400000 0.002422 0.001392 -0.080145 0.112504 -0.037480 0.103046 0.000019 0.000014 0.037291 0.040896 0.008976 0.041317
10.450000 0.002466 0.001421 -0.079688 0.111507 -0.037509 0.102980 0.000018 0.000014 0.037315 0.040468 0.008995 0.041274
10.500000 0.002510 0.001451 -0.079240 0.110524 -0.037538 0.102914 0.000018 0.000014 0.037334 0.040037 0.009014 0.041232
10.550000 0.002555 0.001480 -0.078801 0.109555 -0.037568 0.102847 0.000018 0.000014 0.037347 0.039601 0.009033 0.041190
10.600000 0.002600 0.001510 -0.078370 0.108599 -0.037598 0.102780 0.000018 0.000013 0.037356 0.039162 0.009053 0.041148
10.650000 0.002645 0.001540 -0.077947 0.107657 -0.037628 0.102712 0.000017 0.000013 0.037359 0.038720 0.009072 0.041106
10.700000 0.002691 0.001570 -0.077531 0.106727 -0.037658 0.102644 0.000017 0.000013 0.037357 0.038273 0.009092 0.041065
10.750000 0.002737 0.001600 -0.077124 0.105811 -0.037689 0.102576 0.000016 0.000013 0.037350 0.037823 0.009111 0.041024
10.800000 0.002783 0.001631 -0.076724 0.104908 -0.037720 0.102508 0.000016 0.000012 0.037339 0.037369 0.009131 0.040983
10.850000 0.002830 0.001661 -0.076331 0.104017 -0.037752 0.102439 0.000016 0.000012 0.037322 0.036912 0.009151 0.040942
10.900000 0.002877 0.001692 -0.075945 0.103138 -0.037783 0.102369 0.000015 0.000012 0.037300 0.036451 0.009171 0.040901
10.950000 0.002924 0.001723 -0.075566 0.102272 -0.037815 0.102300 0.000015 0.000012 0.037273 0.035986 0.009192 0.040861
11.000000 0.002972 0.001755 -0.075194 0.101418 -0.037847 0.102230 0.000014 0.000011 0.037241 0.035518 0.009212 0.040821
11.050000 0.003020 0.001786 -0.074829 0.100575 -0.037880 0.102160 0.000014 0.000011 0.037203 0.035046 0.009233 0.040781
11.100000 0.003068 0.001818 -0.074470 0.099744 -0.037913 0.102089 0.000014 0.000011 0.037160 0.034571 0.009253 0.040740
11.150000 0.003117 0.001850 -0.074117 0.098925 -0.037946 0.102018 0.000013 0.000010 0.037113 0.034092 0.009274 0.040700
11.200000 0.003165 0.001882 -0.073770 0.098116 -0.037979 0.101947 0.000013 0.000010 0.037059 0.033610 0.009295 0.040660
11.250000 0.003214 0.001914 -0.073430 0.097319 -0.038013 0.101875 0.000012 0.000010 0.037001 0.033124 0.009316 0.040620
11.300000 0.003264 0.001947 -0.073095 0.096533 -0.038047 0.101803 0.000012 0.000009 0.036937 0.032636 0.009338 0.040580
11.350000 0.003313 0.001979 -0.072766 0.095757 -0.038081 0.101731 0.000011 0.000009 0.036867 0.032144 0.009359 0.040540
11.400000 0.003363 0.002012 -0.072442 0.094992 -0.038115 0.101659 0.000011 0.000009 0.036792 0.031650 0.009381 0.040500
11.450000 0.003413 0.002045 -0.072124 0.094237 -0.038150 0.101586 0.000010 0.000008 0.036711 0.031153 0.009403 0.040460
11.500000 0.003464 0.002078 -0.071811 0.093493 -0.038185 0.101512 0.000010 0.000008 0.036625 0.030653 0.009424 0.040420
11.550000 0.003514 0.002111 -0.071503 0.092758 -0.038221 0.101439 0.000009 0.000008 0.036533 0.030151 0.009446 0.040379
11.600000 0.003565 0.002144 -0.071200 0.092034 -0.038256 0.101365 0.000009 0.000007 0.036435 0.029646 0.009469 0.040339
11.650000 0.003616 0.002178 -0.070902 0.091319 -0.038292 0.101290 0.000008 0.000007 0.036332 0.029140 0.009491 0.040298
11.700000 0.003667 0.002211 -0.070609 0.090613 -0.038329 0.101216 0.000008 0.000007 0.036222 0.028632 0.009513 0.040258
11.750000 0.003719 0.002245 -0.070320 0.089917 -0.038365 0.101141 0.000007 0.000006 0.036106 0.028123 0.009536 0.040217
11.800000 0.003770 0.002279 -0.070036 0.089230 -0.038402 0.101065 0.000007 0.000006 0.035985 0.027612 0.009558 0.040176
11.850000 0.003822 0.002313 -0.069756 0.088553 -0.038439 0.100989 0.000006 0.000006 0.035857 0.027100 0.009581 0.040135
11.900000 0.003874 0.002347 -0.069481 0.087884 -0.038477 0.100913 0.000006 0.000005 0.035724 0.026588 0.009604 0.040094
11.950000 0.003926 0.002381 -0.069210 0.087224 -0.038515 0.100837 0.000005 0.000005 0.035584 0.026075 0.009626 0.040053
12.000000 0.003978 0.002415 -0.068943 0.086573 -0.038553 0.100760 0.000005 0.000005 0.035438 0.025562 0.009649 0.040012
12.050000 0.004031 0.002449 -0.068679 0.085930 -0.038591 0.100683 0.000004 0.000004 0.035287 0.025049 0.009672 0.039970
12.100000 0.004083 0.002484 -0.068420 0.085296 -0.038630 0.100605 0.000004 0.000004 0.035129 0.024537 0.009695 0.039929
12.150000 0.004136 0.002518 -0.068165 0.084670 -0.038669 0.100527 0.000004 0.000004 0.034965 0.024026 0.009718 0.039888
12.200000 0.004189 0.002553 -0.067913 0.084053 -0.038709 0.100448 0.000003 0.000003 0.034795 0.023517 0.009741 0.039846
12.250000 0.004242 0.002587 -0.067665 0.083443 -0.038748 0.100370 0.000003 0.000003 0.034619 0.023008 0.009763 0.039804
12.300000 0.004295 0.002622 -0.067420 0.082841 -0.038788 0.100290 0.000003 0.000003 0.034437 0.022502 0.009786 0.039763
12.350000 0.004348 0.002657 -0.067179 0.082248 -0.038829 0.100211 0.000002 0.000003 0.034249 0.021998 0.009809 0.039722
12.400000 0.004402 0.002692 -0.066941 0.081662 -0.038869 0.100131 0.000002 0.000002 0.034054 0.021496 0.009831 0.039680
12.450000 0.004455 0.002727 -0.066707 0.081083 -0.038910 0.100050 0.000002 0.000002 0.033853 0.020997 0.009854 0.039639
12.500000 0.004509 0.002762 -0.066475 0.080513 -0.038952 0.099969 0.000002 0.000002 0.033646 0.020502 0.009876 0.039598
12.550000 0.004563 0.002797 -0.066247 0.079949 -0.038993 0.099888 0.000001 0.000002 0.033433 0.020009 0.009898 0.039557
12.600000 0.004617 0.002832 -0.066022 0.079393 -0.039035 0.099806 0.000001 0.000001 0.033214 0.019520 0.009920 0.039516
12.650000 0.004671 0.002867 -0.065799 0.078845 -0.039077 0.099724 0.000001 0.000001 0.032989 0.019035 0.009941 0.039476
12.700000 0.004724 0.002902 -0.065580 0.078303 -0.039120 0.099641 0.000001 0.000001 0.032758 0.018555 0.009962 0.039436
12.750000 0.004779 0.002937 -0.065363 0.077768 -0.039163 0.099558 0.000001 0.000001 0.032522 0.018078 0.009983 0.039396
12.800000 0.004833 0.002972 -0.065149 0.077241 -0.039206 0.099475 0.000001 0.000001 0.032280 0.017607 0.010004 0.039357
12.850000 0.004887 0.003008 -0.064937 0.076720 -0.039249 0.099391 0.000002 0.000001 0.032034 0.017141 0.010024 0.039318
12.900000 0.004941 0.003043 -0.064728 0.076206 -0.039293 0.099307 0.000002 0.000001 0.031781 0.016680 0.010044 0.039280
12.950000 0.004995 0.003078 -0.064521 0.075699 -0.039337 0.099222 0.000002 0.000001 0.031524 0.016224 0.010063 0.039243
13.000000 0.005050 0.003113 -0.064317 0.075198 -0.039381 0.099136 0.000002 0.000001 0.031262 0.015774 0.010082 0.039206
13.050000 0.005104 0.003149 -0.064115 0.074704 -0.039426 0.099051 0.000003 0.000001 0.030996 0.015331 0.010101 0.039171
13.100000 0.005159 0.003184 -0.063916 0.074217 -0.039471 0.098965 0.000003 0.000001 0.030724 0.014894 0.010119 0.039136
13.150000 0.005213 0.003219 -0.063719 0.073736 -0.039516 0.098878 0.000004 0.000001 0.030448 0.014464 0.010136 0.039102
13.200000 0.005267 0.003255 -0.063523 0.073261 -0.039561 0.098791 0.000004 0.000001 0.030167 0.014040 0.010153 0.039070
13.250000 0.005322 0.003290 -0.063330 0.072792 -0.039607 0.098703 0.000005 0.000001 0.029882 0.013624 0.010169 0.039039
13.300000 0.005376 0.003325 -0.063139 0.072329 -0.039653 0.098615 0.000006 0.000002 0.029593 0.013214 0.010185 0.039008
13.350000 0.005431 0.003361 -0.062950 0.071872 -0.039699 0.098527 0.000007 0.000002 0.029299 0.012812 0.010200 0.038980
13.400000 0.005485 0.003396 -0.062763 0.071422 -0.039746 0.098438 0.000008 0.000002 0.029001 0.012417 0.010214 0.038953
13.450000 0.005540 0.003431 -0.062578 0.070977 -0.039793 0.098348 0.000009 0.000003 0.028699 0.012029 0.010227 0.038927
13.500000 0.005594 0.003466 -0.062394 0.070537 -0.039839 0.098259 0.000010 0.000003 0.028393 0.011649 0.010240 0.038903
13.550000 0.005649 0.003501 -0.062212 0.070104 -0.039887 0.098168 0.000011 0.000003 0.028083 0.011277 0.010251 0.038881
13.600000 0.005703 0.003537 -0.062032 0.069676 -0.039934 0.098078 0.000012 0.000004 0.027770 0.010912 0.010262 0.038860
13.650000 0.005757 0.003572 -0.061854 0.069254 -0.039982 0.097986 0.000014 0.000004 0.027453 0.010555 0.010272 0.038842
13.700000 0.005812 0.003607 -0.061677 0.068837 -0.040030 0.097895 0.000015 0.000005 0.027134 0.010206 0.010281 0.038826
13.750000 0.005866 0.003642 -0.061501 0.068426 -0.040078 0.097803 0.000017 0.000006 0.026812 0.009864 0.010289 0.038812
13.800000 0.005920 0.003677 -0.061327 0.068020 -0.040126 0.097710 0.000019 0.000006 0.026488 0.009531 0.010297 0.038800
13.850000 0.005974 0.003712 -0.061154 0.067619 -0.040174 0.097617 0.000020 0.000007 0.026161 0.009205 0.010303 0.038790
13.900000 0.006028 0.003747 -0.060983 0.067223 -0.040223 0.097524 0.000022 0.000008 0.025833 0.008887 0.010308 0.038783
13.950000 0.006082 0.003782 -0.060813 0.066833 -0.040272 0.097430 0.000025 0.000009 0.025503 0.008577 0.010312 0.038779
14.000000 0.006136 0.003816 -0.060644 0.066447 -0.040321 0.097336 0.000027 0.000010 0.025172 0.008275 0.010316 0.038777
14.050000 0.006190 0.003851 -0.060477 0.066067 -0.040370 0.097242 0.000029 0.000011 0.024841 0.007981 0.010318 0.038778
14.100000 0.006244 0.003886 -0.060310 0.065691 -0.040419 0.097147 0.000032 0.000012 0.024508 0.007695 0.010319 0.038782
14.150000 0.006297 0.003920 -0.060145 0.065321 -0.040468 0.097052 0.000034 0.000013 0.024175 0.007417 0.010319 0.038788
14.200000 0.006351 0.003955 -0.059981 0.064955 -0.040518 0.096956 0.000037 0.000014 0.023842 0.007147 0.010317 0.038798
14.250000 0.006404 0.003989 -0.059818 0.064593 -0.040568 0.096860 0.000040 0.000015 0.023509 0.006885 0.010315 0.038811
14.300000 0.006458 0.004023 -0.059656 0.064236 -0.040617 0.096764 0.000043 0.000016 0.023176 0.006631 0.010312 0.038827
14.350000 0.006511 0.004058 -0.059496 0.063884 -0.040667 0.096667 0.000046 0.000017 0.022844 0.006384 0.010307 0.038846
14.400000 0.006564 0.004092 -0.059336 0.063536 -0.040717 0.096570 0.000049 0.000019 0.022512 0.006145 0.010301 0.038869
14.450000 0.006617 0.004126 -0.059177 0.063193 -0.040767 0.096473 0.000052 0.000020 0.022180 0.005914 0.010295 0.038895
14.500000 0.006670 0.004160 -0.059019 0.062854 -0.040817 0.096375 0.000056 0.000022 0.021849 0.005690 0.010287 0.038924
14.550000 0.006722 0.004194 -0.058862 0.062519 -0.040866 0.096277 0.000060 0.000023 0.021520 0.005474 0.010277 0.038957
14.600000 0.006775 0.004227 -0.058706 0.062189 -0.040916 0.096179 0.000063 0.000025 0.021190 0.005265 0.010267 0.038994
14.650000 0.006827 0.004261 -0.058551 0.061862 -0.040966 0.096080 0.000067 0.000027 0.020863 0.005063 0.010256 0.039034
14.700000 0.006879 0.004295 -0.058396 0.061539 -0.041016 0.095982 0.000072 0.000029 0.020536 0.004868 0.010243 0.039078
14.750000 0.006931 0.004328 -0.058243 0.061221 -0.041066 0.095883 0.000076 0.000030 0.020211 0.004681 0.010229 0.039126
14.800000 0.006983 0.004361 -0.058090 0.060906 -0.041116 0.095784 0.000080 0.000032 0.019887 0.004500 0.010215 0.039177
14.850000 0.007035 0.004395 -0.057938 0.060595 -0.041166 0.095684 0.000085 0.000034 0.019566 0.004325 0.010199 0.039232
14.900000 0.007086 0.004428 -0.057786 0.060288 -0.041216 0.095585 0.000090 0.000036 0.019246 0.004157 0.010182 0.039291
14.950000 0.007137 0.004460 -0.057635 0.059984 -0.041266 0.095485 0.000094 0.000038 0.018928 0.003996 0.010163 0.039353
15.000000 0.007188 0.004493 -0.057485 0.059684 -0.041316 0.095385 0.000099 0.000041 0.018613 0.003840 0.010144 0.039420
15.050000 0.007239 0.004526 -0.057336 0.059388 -0.041366 0.095285 0.000105 0.000043 0.018300 0.003691 0.010124 0.039491
15.100000 0.007290 0.004558 -0.057187 0.059095 -0.041415 0.095185 0.000110 0.000045 0.017991 0.003548 0.010103 0.039565
15.150000 0.007340 0.004591 -0.057039 0.058805 -0.041465 0.095085 0.000116 0.000048 0.017684 0.003410 0.010080 0.039643
15.200000 0.007391 0.004623 -0.056891 0.058519 -0.041514 0.094984 0.000121 0.000050 0.017381 0.003278 0.010057 0.039726
15.250000 0.007441 0.004655 -0.056744 0.058236 -0.041563 0.094884 0.000127 0.000053 0.017082 0.003151 0.010033 0.039812
15.300000 0.007490 0.004687 -0.056597 0.057956 -0.041612 0.094783 0.000133 0.000055 0.016786 0.003030 0.010007 0.039902
15.350000 0.007540 0.004719 -0.056451 0.057680 -0.041661 0.094683 0.000139 0.000058 0.016495 0.002914 0.009981 0.039996
15.400000 0.007589 0.004751 -0.056305 0.057406 -0.041710 0.094582 0.000145 0.000061 0.016207 0.002802 0.009954 0.040093
15.450000 0.007638 0.004782 -0.056160 0.057136 -0.041759 0.094482 0.000152 0.000063 0.015925 0.002696 0.009927 0.040195
15.500000 0.007687 0.004814 -0.056015 0.056868 -0.041807 0.094381 0.000159 0.000066 0.015646 0.002595 0.009898 0.040301
15.550000 0.007736 0.004845 -0.055871 0.056604 -0.041856 0.094281 0.000165 0.000069 0.015372 0.002498 0.009868 0.040410
15.600000 0.007784 0.004876 -0.055728 0.056342 -0.041904 0.094180 0.000172 0.000072 0.015103 0.002405 0.009838 0.040523
15.650000 0.007832 0.004907 -0.055585 0.056083 -0.041952 0.094080 0.000179 0.000075 0.014839 0.002317 0.009807 0.040640
15.700000 0.007880 0.004937 -0.055442 0.055827 -0.041999 0.093979 0.000186 0.000079 0.014580 0.002233 0.009776 0.040760
15.750000 0.007928 0.004968 -0.055300 0.055573 -0.042047 0.093879 0.000194 0.000082 0.014325 0.002153 0.009743 0.040884
15.800000 0.007975 0.004998 -0.055158 0.055322 -0.042094 0.093779 0.000201 0.000085 0.014077 0.002077 0.009710 0.041012
15.850000 0.008022 0.005028 -0.055017 0.055074 -0.042141 0.093679 0.000209 0.000088 0.013833 0.002005 0.009677 0.041143
15.900000 0.008069 0.005058 -0.054876 0.054828 -0.042188 0.093579 0.000217 0.000092 0.013594 0.001936 0.009643 0.041277
15.950000 0.008115 0.005088 -0.054736 0.054585 -0.042235 0.093479 0.000225 0.000095 0.013361 0.001871 0.009608 0.041415
16.000000 0.008161 0.005118 -0.054597 0.054344 -0.042281 0.093380 0.000233 0.000099 0.013133 0.001809 0.009573 0.041556
16.050000 0.008207 0.005147 -0.054458 0.054105 -0.042327 0.093280 0.000241 0.000102 0.012911 0.001750 0.009537 0.041700
16.100000 0.008253 0.005176 -0.054319 0.053869 -0.042373 0.093181 0.000250 0.000106 0.012694 0.001695 0.009501 0.041849
16.150000 0.008298 0.005206 -0.054181 0.053635 -0.042418 0.093082 0.000258 0.000110 0.012483 0.001642 0.009465 0.041999
16.200000 0.008343 0.005234 -0.054044 0.053403 -0.042463 0.092983 0.000267 0.000114 0.012278 0.001592 0.009428 0.042153
16.250000 0.008388 0.005263 -0.053907 0.053173 -0.042508 0.092885 0.000276 0.000118 0.012077 0.001545 0.009391 0.042310
16.300000 0.008432 0.005292 -0.053771 0.052945 -0.042553 0.092787 0.000284 0.000121 0.011883 0.001501 0.009354 0.042469
16.350000 0.008476 0.005320 -0.053635 0.052719 -0.042597 0.092689 0.000293 0.000125 0.011694 0.001459 0.009316 0.042632
16.400000 0.008520 0.005348 -0.053500 0.052496 -0.042641 0.092591 0.000303 0.000129 0.011511 0.001419 0.009278 0.042797
16.450000 0.008563 0.005376 -0.053365 0.052274 -0.042685 0.092494 0.000312 0.000134 0.011333 0.001382 0.009240 0.042965
