1312.698455 
1801.977719 
1562.637347 
1502.157266 
1440.122947 
1635.891195 
1340.995101 
1445.957191 
1368.470174 
1718.316304 
1288.333445 
1489.374455 
1522.446993 
1661.868986 
1409.035794 
1711.888071 
1418.694195 
1531.067894 
1499.662413 
1272.186565 
1493.895838 
1750.175410 
1525.864104 
1437.410256 
1377.370316 
1445.274786 
1825.655009 
1327.541328 
1460.534508 
1550.186597 
1595.148973 
1553.493705 
1724.307837 
1287.805811 
1829.650745 
1183.195593 
1394.377156 
1299.423496 
1514.389096 
1517.114049 
1738.322668 
1479.418993 
1713.750136 
1459.920417 
1261.207201 
1737.909867 
1606.679171 
1202.129875 
1584.610700 
1527.599989 
1752.506924 
1577.260603 
1620.832788 
1427.442689 
1656.567235 
1616.343609 
1877.846061 
1432.286129 
1621.597539 
1097.384458 
1452.837513 
1709.050696 
1638.875992 
1118.085068 
1513.255629 
1611.142638 
1464.058636 
1562.563458 
1291.586522 
1741.060094 
1434.149142 
1253.672038 
1559.623709 
1821.957154 
1341.481898 
1539.827609 
1589.703002 
1548.053214 
1239.124770 
1323.651221 
1276.141724 
1886.241306 
1291.320221 
1825.305027 
1335.910821 
1751.419729 
1573.941621 
1490.505406 
1450.270622 
1642.316288 
1843.021948 
1639.808016 
1460.865303 
1477.489854 
1472.686750 
1618.919253 
1593.438488 
1593.659570 
1566.272592 
1438.741820 
1641.379996 
1463.958908 
1578.731057 
1428.662787 
1346.377856 
1390.423302 
1507.862804 
1371.938686 
1711.736003 
1675.037474 
1369.901009 
1405.982015 
1535.126315 
1551.137451 
1860.733193 
1632.507425 
1648.705614 
1347.261960 
1433.986425 
1414.245894 
1428.566130 
1495.649842 
1485.582615 
1343.709888 
1396.774921 
1344.491641 
1537.872118 
1255.663789 
1493.751398 
1756.300699 
1680.446939 
1522.949330 
1619.918040 
1626.879253 
1580.564096 
1373.547976 
1269.230523 
1387.760969 
1405.876936 
1567.643166 
1538.239635 
1595.434189 
1432.752143 
1339.195195 
1623.008496 
1581.427205 
1698.901577 
1451.722403 
963.306553 
1348.256267 
1559.275282 
1560.183935 
1371.319095 
1282.565699 
1499.590604 
1457.001922 
1691.750800 
1704.793774 
1432.951202 
1459.587850 
1520.335585 
1451.301759 
1560.573049 
1425.247155 
1426.478830 
1515.152444 
1681.286656 
1269.332764 
1511.601973 
1521.847750 
1689.607123 
1377.230576 
1333.748641 
1738.534232 
1809.725197 
1445.300373 
1409.510070 
1586.106097 
1790.263600 
1366.257285 
1412.850593 
1592.341848 
1484.356317 
1659.139725 
1391.582841 
1866.131932 
1512.169934 
1641.025998 
1608.847106 
1520.629446 
1497.501376 
1273.145526 
1451.028252 
1429.542220 
1546.430958 
1453.421921 
1400.555640 
1611.877311 
1871.350373 
1300.633821 
1451.199378 
1503.971216 
1637.564683 
1455.517512 
1441.072596 
1797.571616 
1663.809682 
1552.298666 
1715.887577 
1462.531961 
1799.476354 
1521.294385 
1488.410431 
1490.952315 
1450.380736 
1507.502016 
1414.159528 
1667.842669 
1637.251323 
1595.357301 
1694.287133 
1503.188570 
1724.093412 
1632.078126 
1643.952076 
1190.827053 
1520.126809 
1463.642090 
1586.671143 
1786.770878 
1437.686036 
1398.666941 
1406.665673 
1537.832250 
1599.251847 
1266.478441 
1366.020449 
1531.367985 
1619.730781 
1502.102521 
1425.293793 
1213.768803 
1146.574786 
1292.250159 
1272.154667 
1606.929446 
1476.326182 
1840.486416 
1641.674614 
1304.534086 
1576.485593 
1515.496492 
1677.711899 
1564.172453 
1747.921575 
1314.438358 
1622.142321 
1413.426278 
1293.336315 
1518.500735 
1218.803020 
1647.819466 
1480.327175 
1431.218321 
1459.254933 
1460.141890 
1343.429183 
1321.896826 
1206.939445 
1304.740620 
1409.825997 
1409.765772 
1575.292886 
1600.887776 
1855.070614 
1554.443353 
1605.967988 
1655.554301 
1366.388924 
1380.502172 
1547.369423 
1380.334928 
1455.478765 
1442.634753 
1545.958043 
1690.762659 
1261.432506 
1784.088247 
1194.588173 
2080.319659 
1260.652657 
1584.375168 
1427.539283 
1382.968529 
1424.047700 
1433.859295 
1483.671186 
1434.442940 
1524.824984 
1495.098293 
1562.541774 
1775.517483 
1429.435942 
1378.639131 
1482.922869 
1267.962555 
1367.228112 
1679.108905 
1542.612410 
1434.162411 
1797.042182 
1648.009133 
1283.879057 
1371.807424 
1427.707523 
1639.435133 
1457.198616 
1539.499892 
1585.261605 
1313.833562 
1399.749093 
1324.009998 
1455.104826 
1325.484631 
1589.727647 
1384.337589 
1219.901890 
1442.404333 
1462.687469 
1686.177512 
1420.115557 
1699.710678 
1564.370980 
1694.822893 
1598.090276 
1646.451318 
1327.022377 
1570.706115 
1476.268891 
1485.910420 
1248.325413 
1421.629530 
1759.662526 
1596.551909 
1674.633840 
1583.864988 
1405.089123 
1342.394862 
1424.374491 
1592.564136 
1546.132313 
1689.929445 
1347.316314 
1196.497449 
1505.878178 
1283.059804 
1339.089849 
1492.682497 
1345.665717 
1592.672468 
1629.164366 
1441.623162 
1330.508565 
1441.982546 
1311.842672 
1566.267123 
1532.497784 
1519.279954 
1392.980118 
1206.991492 
1750.924327 
1292.950428 
1682.999537 
1775.437135 
1558.059519 
1711.807019 
1436.475537 
1585.860002 
1180.326981 
1385.124406 
1521.389888 
1700.404219 
1619.757493 
1538.438952 
1402.423471 
1586.544125 
1447.974028 
1429.008053 
1528.916317 
1352.912487 
1316.903985 
1499.694967 
1669.457026 
1393.543889 
1416.580897 
1608.614408 
1496.817279 
1442.576175 
1321.813430 
1588.575514 
1294.453031 
1748.287326 
1691.285094 
1616.822304 
1576.902429 
1386.014781 
1520.049457 
1638.356216 
1395.039010 
1695.664974 
1547.147610 
1310.716667 
1325.120321 
1611.940322 
1365.005097 
1450.337319 
1407.467842 
1317.079136 
1483.946265 
1310.498587 
1700.117969 
1393.870892 
1332.663080 
1229.840322 
1425.284921 
1593.765123 
1532.461281 
1792.575733 
1938.964881 
1290.111139 
1636.561418 
1435.228403 
1283.293047 
1242.220225 
1485.122107 
1305.963850 
1316.152564 
1772.639254 
1319.533871 
1520.403028 
1453.371224 
1780.283842 
1689.429163 
1233.095236 
1096.563173 
1438.756549 
1360.515202 
1354.357153 
1577.205958 
1817.649303 
1559.654256 
1538.509614 
1787.973938 
1326.525419 
1510.107093 
1395.689162 
1587.920824 
1602.278595 
1516.010456 
1643.367501 
1733.901671 
1588.264441 
1614.637360 
1288.449210 
1825.896414 
1696.339212 
1492.978982 
1682.386097 
1564.251527 
1766.465112 
1871.288186 
1446.861185 
1579.018993 
1190.519535 
1471.010566 
1427.672452 
1232.512764 
1287.112020 
1238.989307 
1684.609100 
1487.251312 
1439.079682 
1245.800892 
1594.984722 
1692.175172 
1644.587123 
1618.817366 
1467.467784 
1638.166918 
1507.278388 
1756.730560 
1452.831408 
1631.319100 
1306.033702 
1385.082291 
1426.133903 
1486.828238 
1964.315538 
1556.632156 
1678.764330 
1591.209777 
1353.984067 
1294.586729 
1558.117123 
1527.400077 
1312.485579 
1436.777691 
1468.879367 
1578.829972 
1585.917938 
1397.129290 
1560.162277 
1230.044858 
1531.276086 
1463.866506 
1480.782215 
1552.942853 
1540.766142 
1256.233433 
1597.908676 
1376.328987 
1401.771620 
1636.231751 
1119.086653 
1481.748388 
1448.288430 
1745.069508 
1659.937902 
1641.924714 
1503.935325 
1401.427203 
1468.264450 
1361.210593 
1140.332025 
1314.030857 
1405.300124 
1531.794550 
1258.959123 
1515.618926 
1566.478510 
1447.596975 
1750.382515 
1693.000178 
1643.880431 
1472.553644 
1589.309478 
1515.186330 
1802.600535 
1534.440393 
950.915941 
1405.933674 
1536.716307 
1472.995621 
1745.924687 
1603.019839 
1463.932834 
1582.178984 
1466.374912 
1503.405584 
1399.415735 
1139.845919 
1504.585534 
1585.822958 
1365.940550 
1485.225468 
1319.095821 
1511.569031 
1650.024102 
1498.330636 
1346.591722 
1469.331331 
1557.254823 
1517.207438 
1610.160810 
1448.302612 
1980.038012 
1475.505611 
1593.482582 
1620.951966 
1214.805958 
1275.520179 
1687.312944 
1527.644357 
1374.438218 
1514.036938 
1606.353495 
1180.573873 
1452.532952 
1401.060605 
1548.602273 
1248.226440 
1386.116825 
1815.850636 
1211.175270 
1395.542233 
1391.316401 
1512.701802 
1404.136678 
1720.930805 
1324.366896 
1307.605772 
1505.657302 
1643.817780 
1238.204802 
1746.460901 
1801.847889 
1223.613312 
1551.211159 
1635.550877 
1562.979535 
1429.204667 
1373.940770 
1435.817515 
1517.906197 
1321.555001 
1668.320753 
1813.044714 
1462.708210 
1690.994024 
1424.681799 
1570.824834 
1560.169163 
1641.059783 
1571.608824 
1512.391328 
1706.004247 
1400.604012 
1413.244469 
1656.791278 
1422.621473 
1556.784480 
1579.245851 
1429.753314 
1535.885363 
1313.468234 
1787.174475 
1522.695203 
1712.331205 
1542.103729 
1457.021790 
1737.241660 
1582.179202 
1530.772740 
1646.384492 
1142.736712 
1475.599372 
1518.366242 
1411.136018 
1387.891232 
1482.939673 
1407.091029 
1538.445681 
1695.535929 
1490.085016 
1612.841222 
1481.819681 
1389.206331 
1519.007238 
1547.962790 
1333.149927 
1643.113326 
1394.197143 
1455.240465 
1314.174514 
1510.979876 
1403.946376 
1519.254894 
1365.390344 
1422.888390 
1454.387364 
1647.577998 
1587.316681 
1661.934714 
1859.886722 
1298.390456 
1620.869726 
1593.536484 
1491.071512 
1447.363152 
1572.517702 
1132.174205 
1687.623392 
1511.997483 
1776.747964 
1642.106951 
1663.655442 
1421.604272 
2004.922136 
1383.202120 
1678.095002 
1406.688145 
1331.798153 
1522.126779 
1780.547656 
1563.824728 
1703.614378 
1535.453861 
1657.534357 
1513.261718 
1442.938966 
1359.242796 
1482.965584 
1519.480673 
1495.174834 
1502.393190 
1764.074826 
1432.812218 
1545.709012 
1539.631267 
1634.592159 
1682.709399 
1512.517014 
1404.568762 
1682.614183 
1570.624568 
1522.855074 
1620.545504 
1499.862043 
1610.394555 
1719.480261 
1577.429484 
1492.959229 
1784.762610 
1338.025913 
1087.475907 
1420.123328 
1503.891278 
1370.455039 
1372.574471 
1172.017598 
1663.522771 
1374.246963 
1582.689012 
1576.003823 
1702.634401 
1386.773705 
1030.795348 
1513.277191 
1503.486424 
1576.949170 
1511.255042 
1463.635776 
1536.520756 
1378.771071 
1486.952117 
1500.362618 
1404.623478 
1587.170990 
1537.789667 
1254.963215 
1544.712449 
1678.957710 
1673.474559 
1632.315441 
1773.806765 
1768.358128 
1746.551080 
1559.993382 
1616.976502 
1399.359754 
1781.736460 
1719.689956 
1428.411717 
1546.725491 
1365.829941 
1746.602207 
1394.046844 
1572.456657 
1425.588082 
1890.282354 
1394.487681 
1429.709081 
1722.368691 
1694.038889 
1549.361360 
1644.874197 
1634.445054 
1138.446110 
1403.354842 
1567.287509 
1532.779910 
1619.114563 
1724.530305 
1513.712403 
1301.447542 
1587.875310 
1677.970225 
1859.819322 
1642.050937 
1373.603560 
1483.008750 
1497.780207 
1765.442950 
1192.678063 
1712.369452 
1554.747540 
1687.069754 
1610.460564 
1638.574354 
1573.094585 
1596.877895 
1545.485723 
1392.512301 
1335.072530 
1523.499648 
1271.316158 
1541.542131 
1537.355774 
1649.458333 
1369.440549 
1468.692659 
1331.802547 
1894.229916 
1404.572891 
1374.298481 
1407.659281 
1428.206257 
1515.602935 
1560.862522 
1623.629679 
1672.650191 
1643.193266 
1306.803707 
1599.926476 
1617.276224 
1568.218355 
1497.279548 
1565.251734 
1441.941764 
1314.684769 
1816.794221 
1383.199864 
1427.759630 
1538.436107 
1363.304465 
1305.997942 
1547.584758 
1412.153025 
1439.196510 
1296.698150 
1507.038412 
1605.892466 
1756.231525 
1396.863596 
1690.090457 
1476.035786 
1821.394309 
1333.725986 
1649.457067 
1644.496688 
1584.556808 
1113.023490 
1331.331049 
1422.550455 
1461.003887 
1533.720764 
1484.172687 
1365.184357 
1107.293459 
1820.329451 
1591.479220 
1202.094247 
1324.048451 
1607.500242 
1498.951743 
1650.228530 
1539.245748 
1412.267452 
1619.517797 
1526.623092 
1601.438454 
1392.073654 
1692.780844 
1330.644192 
1546.922523 
1522.361473 
1470.869214 
1268.817543 
1654.903828 
1478.454190 
1582.394988 
1573.799756 
1331.444554 
1553.272087 
1678.067132 
1841.589316 
1368.378625 
1623.213197 
1420.378833 
1562.533016 
1408.173045 
1263.602534 
1557.425135 
1460.511035 
1490.818710 
1242.157359 
1388.100130 
1642.332291 
1598.767282 
1244.493940 
1480.254609 
1362.203684 
1386.340116 
1393.907126 
1591.788009 
1503.140422 
1544.897980 
1419.206955 
1626.999412 
1453.852911 
1588.538584 
1411.270429 
1615.027528 
1613.751087 
1656.419748 
1639.798585 
1503.606209 
1331.702623 
1572.102877 
1333.574499 
1685.472853 
1447.845078 
1751.109222 
1413.715254 
1385.206267 
1580.148981 
1307.497640 
1539.011863 
1303.271812 
1632.117376 
1875.008407 
1330.993968 
1447.795027 
1250.303352 
1473.165664 
1450.030352 
1185.229553 
1655.848954 
1592.025955 
1641.710091 
1513.765859 
1760.818473 
1219.201281 
1256.353760 
1137.956053 
1408.420506 
1660.982049 
1633.753388 
1714.462423 
1529.407530 
1593.960860 
1585.181000 
1525.600100 
1502.397629 
1576.102533 
1574.902405 
1683.236487 
1459.653964 
1343.438429 
1482.201270 
1733.869475 
1366.614629 
1589.425875 
1361.192018 
1527.862274 
1489.812005 
1282.667726 
1582.029896 
1525.758997 
1065.345658 
1497.453080 
1750.902288 
1654.095100 
1663.215700 
1506.004593 
1785.095206 
1477.622747 
1117.792729 
1704.024840 
1858.378141 
1546.123477 
1665.919843 
1311.960049 
1319.267806 
1669.210180 
1380.931830 
1463.735639 
1456.113321 
1446.363897 
1536.266945 
1344.381189 
1530.101398 
1465.369547 
1430.966299 
1535.143198 
1456.386458 
1628.600804 
1609.896820 
1382.927157 
1649.958287 
1259.196523 
1417.197520 
1462.518647 
1227.374647 
1334.832829 
1100.486892 
1441.604058 
1809.007146 
1520.229003 
1471.605315 
1636.654598 
1397.297502 
1374.106236 
1469.154546 
1677.305185 
1486.678235 
1485.993037 
1471.873568 
1767.991388 
1417.807289 
1348.845043 
1361.538996 
1463.584694 
1530.784748 
1468.191457 
1858.815105 
1600.850874 
1682.831916 
1748.922486 
1476.284264 
1644.522214 
1738.756350 
1408.223237 
1620.214799 
1550.749458 
1412.289764 
1563.790285 
1357.410178 
1388.971466 
1560.221124 
1497.564650 
1129.878665 
1589.096319 
1458.388882 
1555.571005 
1403.854975 
1562.532460 
1690.109909 
1498.211514 
1407.098866 
1520.214326 
1576.267999 
1432.373692 
1068.182719 
1413.024557 
1783.808694 
1933.075087 
1494.292131 
1626.715977 
1438.318287 
1493.776128 
1443.554667 
1543.094783 
1501.081833 
1571.126366 
1623.402748 
1579.085922 
1551.150917 
1515.005976 
1269.951920 
1644.566505 
1499.438568 
1620.635644 
1347.317756 
1506.194622 
1433.820003 
1280.815516 
1323.767697 
1772.867191 
1424.460652 
1439.987079 
1438.622957 
1449.798558 
1596.938887 
1557.102066 
1288.808459 
1219.196832 
1562.899594 
1360.216222 
1659.347300 
1458.191088 
1491.269945 
1465.709093 
1660.505746 
1607.248558 
1400.504551 
1423.217547 
1845.659595 
1519.693405 
1621.843831 
1856.118216 
1574.152431 
1890.916962 
1657.233809 
1300.906288 
1168.662710 
1718.089008 
1161.915638 
1295.726294 
1423.876500 
1561.589206 
1393.937071 
1386.753461 
1665.077435 
1799.507484 
1491.020785 
1602.339092 
1675.055572 
1444.303915 
1567.476933 
1516.334903 
1729.798962 
1397.643916 
1287.449474 
1316.995482 
1261.735403 
1951.866175 
1135.564809 
1708.343726 
1808.985377 
1408.157902 
1690.543870 
1406.985768 
1408.400836 
1366.749462 
1187.702264 
1226.170944 
1361.568122 
1303.084617 
1531.214756 
1328.058357 
1557.653934 
1569.677858 
1446.717734 
1634.126441 
1405.239093 
1586.765249 
1457.047759 
1700.192562 
1389.238008 
1476.151457 
1698.978572 
1262.342145 
1868.055639 
2068.584684 
1410.714657 
1834.566309 
1639.071206 
1599.941488 
1451.163877 
1642.928775 
1488.945062 
1445.437226 
1558.863001 
1455.665582 
1533.330174 
1667.254792 
1393.650449 
1212.888777 
1270.108417 
1822.298294 
1457.149339 
1510.862129 
1358.729216 
1366.685013 
1729.420465 
1785.243555 
1481.628014 
1513.817700 
1720.771216 
1286.266342 
1453.303350 
1279.329726 
1425.815830 
1403.271024 
1267.282989 
1421.686939 
1383.256072 
1480.599681 
1438.252469 
1801.051917 
1498.107259 
1641.080257 
1333.068872 
1376.007719 
1716.279976 
1379.660091 
1448.771996 
1654.093477 
1349.610024 
1353.825784 
1580.974884 
1615.904785 
1620.928289 
1394.451536 
1146.290433 
1782.064800 
1586.382100 
1342.297680 
1568.547282 
1569.962047 
1451.645973 
1304.759163 
1529.388776 
1799.039553 
1450.917325 
1524.431810 
1686.180933 
1748.391669 
1550.726415 
1618.438257 
1343.972639 
1309.340633 
1304.731913 
2061.197708 
1776.893757 
1316.863658 
1396.752052 
1289.764181 
1570.499326 
1409.992912 
1276.334850 
1113.486985 
1448.958976 
1431.012929 
1647.981024 
1916.634140 
1677.758658 
1626.752343 
1551.720044 
1904.771160 
1437.253874 
1480.600198 
1232.269499 
1226.180080 
1415.551175 
1573.967691 
1433.603799 
1474.573926 
1383.848379 
1375.121673 
1253.355004 
1588.481356 
1500.990617 
1556.134374 
1551.881642 
1447.318207 
1963.254554 
1527.899392 
1766.790037 
1569.125058 
1418.181222 
1748.335693 
1538.920075 
1247.254243 
1263.637746 
1462.548040 
1372.668158 
1547.316915 
1693.291774 
1648.523942 
1234.929140 
1284.258341 
1250.344341 
1735.846995 
1484.241805 
1587.344491 
1317.900600 
1869.612713 
1470.381702 
1478.129544 
1691.178503 
1388.026215 
1511.339802 
1646.233409 
1169.796693 
1366.734796 
1661.140484 
1432.072650 
1564.971162 
1541.580926 
1463.271665 
1271.275177 
1548.701379 
1725.982883 
1559.683025 
1627.830876 
1630.844568 
1452.772915 
1576.349051 
1609.520628 
1528.470966 
1367.269201 
1545.281226 
1628.092376 
1309.133874 
1648.024080 
1394.329006 
1507.666847 
1424.865758 
1514.353687 
1447.686491 
1535.591335 
1602.621614 
1477.637567 
1633.579743 
1644.929718 
1203.808919 
1852.841679 
1138.159920 
1821.925336 
1148.503072 
1428.880474 
1835.667538 
1661.589295 
1664.556610 
1866.375738 
1563.780120 
1249.607862 
1605.425006 
1411.024291 
1758.044509 
1298.050653 
1547.259325 
1556.344786 
1775.154070 
1649.270809 
1561.157780 
1632.397604 
1475.960923 
1394.873045 
1501.214254 
1311.193490 
1656.097369 
1886.036519 
1437.658627 
1367.573721 
1750.879006 
1813.240933 
1576.048084 
1555.933864 
1390.598041 
1568.704932 
1668.519258 
1384.697150 
1693.948007 
1541.190981 
1397.737664 
1503.378616 
1626.650197 
1474.331653 
1308.415631 
1809.466351 
1554.655730 
1674.838929 
1704.577108 
1400.703988 
1752.730057 
1507.558764 
1489.408272 
1496.139859 
1679.074126 
1420.947429 
1279.568699 
1548.341763 
1220.823194 
1609.837688 
1130.768897 
1544.689173 
1441.781277 
1564.345773 
1396.885475 
1973.495315 
1586.724605 
1608.897874 
1420.193876 
1651.271661 
1712.607916 
1613.057148 
1423.602118 
1682.088303 
1630.805857 
1422.447350 
1365.446247 
1502.052082 
1245.621769 
1390.990928 
1553.659310 
1448.922157 
1649.702099 
1642.278697 
1501.080160 
1659.661445 
1536.021810 
1363.790434 
1420.606737 
1491.072118 
1561.779390 
1711.561286 
1531.347642 
1055.692718 
1502.216503 
1549.796940 
1446.777846 
1477.160095 
1448.789609 
1618.541266 
1671.664223 
1819.984500 
1484.554448 
1774.289545 
1307.670112 
1452.670512 
1341.935137 
1624.597321 
1686.825057 
1389.879161 
1594.828267 
1630.453771 
1686.644971 
1197.280871 
1682.192115 
1526.925031 
1529.601446 
1581.438203 
1199.804809 
1701.327503 
1379.702926 
1640.176364 
1498.970468 
1403.610561 
1704.006355 
1110.060084 
1562.269229 
1307.270924 
1861.963456 
1577.638913 
1317.302179 
1653.117745 
1380.997972 
1415.121848 
1654.875058 
1537.998044 
1434.721100 
1852.634726 
1549.179536 
1417.381344 
1631.279858 
1712.124145 
1581.493100 
1442.084374 
1192.642221 
1675.423375 
1515.745859 
1539.127016 
1340.836985 
1379.854847 
1061.886700 
1713.820640 
1687.231515 
1375.424637 
1523.676354 
1423.995479 
1579.204171 
1348.354472 
1414.499792 
1608.692178 
1665.854510 
1274.110542 
1540.747611 
1335.806053 
1235.849733 
1632.696568 
1155.627344 
1653.330825 
1549.470194 
1560.630640 
1397.006448 
1561.376594 
1494.593672 
1866.994052 
1669.172766 
1657.802686 
1386.376018 
1472.222085 
1688.011994 
1605.794313 
1497.607520 
1493.031074 
1250.869623 
